%YAML:1.0
R: !!opencv-matrix
   rows: 3
   cols: 3
   dt: d
   data: [ 9.9913015187824861e-001, -1.1972026419268079e-002,
       -3.9945089700289829e-002, 1.2447587194745778e-002,
       9.9985433078400454e-001, 1.1677961530150731e-002,
       3.9799462066428162e-002, -1.2165023464294123e-002,
       9.9913363221509877e-001 ]
T: !!opencv-matrix
   rows: 3
   cols: 1
   dt: d
   data: [ -6.3945591327194542e+001, -9.7053147285567118e-002,
       -1.6702555485180324e+000 ]
Rl: !!opencv-matrix
   rows: 3
   cols: 3
   dt: d
   data: [ 9.9984643752719027e-001, -1.0768566369105319e-002,
       -1.3825315278162997e-002, 1.0849908761453326e-002,
       9.9992418832897101e-001, 5.8221194179196864e-003,
       1.3761571278548532e-002, -5.9712287682312810e-003,
       9.9988747546058554e-001 ]
Rr: !!opencv-matrix
   rows: 3
   cols: 3
   dt: d
   data: [ 9.9965789800145699e-001, 1.5172264920298526e-003,
       2.6111012754782986e-002, -1.3632128936379678e-003,
       9.9998157582835179e-001, -5.9152053601451227e-003,
       -2.6119506387280299e-002, 5.8775868873163512e-003,
       9.9964154843547148e-001 ]
Pl: !!opencv-matrix
   rows: 3
   cols: 4
   dt: d
   data: [ 7.9694906501793662e+002, 0., 2.9257728958129883e+002, 0., 0.,
       7.9694906501793662e+002, 2.2244487762451172e+002, 0., 0., 0., 1.,
       0. ]
Pr: !!opencv-matrix
   rows: 3
   cols: 4
   dt: d
   data: [ 7.9694906501793662e+002, 0., 2.9257728958129883e+002,
       -5.0978819176150289e+004, 0., 7.9694906501793662e+002,
       2.2244487762451172e+002, 0., 0., 0., 1., 0. ]
Q: !!opencv-matrix
   rows: 4
   cols: 4
   dt: d
   data: [ 1., 0., 0., -2.9257728958129883e+002, 0., 1., 0.,
       -2.2244487762451172e+002, 0., 0., 0., 7.9694906501793662e+002, 0.,
       0., 1.5632944777794654e-002, 0. ]
