%YAML:1.0
R: !!opencv-matrix
   rows: 3
   cols: 3
   dt: d
   data: [ 9.9903052651893531e-001, 2.2596029044521900e-002,
       -3.7781299007817827e-002, -2.1960764725345149e-002,
       9.9961180129892679e-001, 1.7145597586344083e-002,
       3.8154054777664849e-002, -1.6299269165638522e-002,
       9.9913893024378198e-001 ]
T: !!opencv-matrix
   rows: 3
   cols: 1
   dt: d
   data: [ -6.3486628332491414e+001, 6.2770204380331052e-001,
       -1.7163276158773164e+000 ]
Rl: !!opencv-matrix
   rows: 3
   cols: 3
   dt: d
   data: [ 9.9986496320728058e-001, 1.2266990209713351e-002,
       -1.0935094956074219e-002, -1.2174488674895897e-002,
       9.9988987916144922e-001, 8.4859516854206389e-003,
       1.1037987860493176e-002, -8.3516765800202460e-003,
       9.9990420157247784e-001 ]
Rr: !!opencv-matrix
   rows: 3
   cols: 3
   dt: d
   data: [ 9.9958594800008704e-001, -9.8830597717493827e-003,
       2.7023280524673586e-002, 1.0110244641883767e-002,
       9.9991458100331865e-001, -8.2833356951714024e-003,
       -2.6939107521379291e-002, 8.5531179405915533e-003,
       9.9960048452341499e-001 ]
Pl: !!opencv-matrix
   rows: 3
   cols: 4
   dt: d
   data: [ 8.1293866933161883e+002, 0., 3.1042073059082031e+002, 0., 0.,
       8.1293866933161883e+002, 2.3480293846130371e+002, 0., 0., 0., 1.,
       0. ]
Pr: !!opencv-matrix
   rows: 3
   cols: 4
   dt: d
   data: [ 8.1293866933161883e+002, 0., 3.1042073059082031e+002,
       -5.1632113536836288e+004, 0., 8.1293866933161883e+002,
       2.3480293846130371e+002, 0., 0., 0., 1., 0. ]
Q: !!opencv-matrix
   rows: 4
   cols: 4
   dt: d
   data: [ 1., 0., 0., -3.1042073059082031e+002, 0., 1., 0.,
       -2.3480293846130371e+002, 0., 0., 0., 8.1293866933161883e+002, 0.,
       0., 1.5744826497401426e-002, 0. ]
