%YAML:1.0
R: !!opencv-matrix
   rows: 3
   cols: 3
   dt: d
   data: [ 9.9921839044229410e-001, 2.9892650445249467e-003,
       -3.9416652526627079e-002, -2.5025543762113430e-003,
       9.9992009192239439e-001, 1.2391407971025654e-002,
       3.9450544020398264e-002, -1.2283080411845960e-002,
       9.9914602561992449e-001 ]
T: !!opencv-matrix
   rows: 3
   cols: 1
   dt: d
   data: [ -6.3585078794419566e+001, 6.1643319041969391e-001,
       -2.2709965161627127e-001 ]
Rl: !!opencv-matrix
   rows: 3
   cols: 3
   dt: d
   data: [ 9.9933021903541885e-001, -6.7480904446681278e-003,
       -3.5966325889260103e-002, 6.9665767177326757e-003,
       9.9995801408398799e-001, 5.9528882101719666e-003,
       3.5924645182072827e-002, -6.1994632475270229e-003,
       9.9933527233055508e-001 ]
Rr: !!opencv-matrix
   rows: 3
   cols: 3
   dt: d
   data: [ 9.9994663332426925e-001, -9.6941028479727576e-003,
       3.5713965661178376e-003, 9.7156281861687944e-003,
       9.9993443979076224e-001, -6.0599248578341140e-003,
       -3.5124168897888546e-003, 6.0942998209310307e-003,
       9.9997526091263123e-001 ]
Pl: !!opencv-matrix
   rows: 3
   cols: 4
   dt: d
   data: [ 7.9966381982347241e+002, 0., 2.7751490783691406e+002, 0., 0.,
       7.9966381982347241e+002, 2.1458752059936523e+002, 0., 0., 0., 1.,
       0. ]
Pr: !!opencv-matrix
   rows: 3
   cols: 4
   dt: d
   data: [ 7.9966381982347241e+002, 0., 2.7751490783691406e+002,
       -5.0849400655997946e+004, 0., 7.9966381982347241e+002,
       2.1458752059936523e+002, 0., 0., 0., 1., 0. ]
Q: !!opencv-matrix
   rows: 4
   cols: 4
   dt: d
   data: [ 1., 0., 0., -2.7751490783691406e+002, 0., 1., 0.,
       -2.1458752059936523e+002, 0., 0., 0., 7.9966381982347241e+002, 0.,
       0., 1.5726120849157896e-002, 0. ]
