%YAML:1.0
cameraMatrixL: !!opencv-matrix
   rows: 3
   cols: 3
   dt: d
   data: [ 8.1797284149322797e+002, 0., 2.9978814921009428e+002, 0.,
       8.1773085228338050e+002, 2.3011049585471102e+002, 0., 0., 1. ]
cameraDistcoeffL: !!opencv-matrix
   rows: 5
   cols: 1
   dt: d
   data: [ -1.0621192882839592e-001, 1.4138869422685585e+000,
       -4.9319453672589299e-003, -4.6564561134989834e-003,
       -5.8466284245305165e+000 ]
cameraMatrixR: !!opencv-matrix
   rows: 3
   cols: 3
   dt: d
   data: [ 8.1098472295412864e+002, 0., 3.0641195294147525e+002, 0.,
       8.1215849461127482e+002, 2.2078367787173542e+002, 0., 0., 1. ]
cameraDistcoeffR: !!opencv-matrix
   rows: 5
   cols: 1
   dt: d
   data: [ 2.1210914893154579e-002, -2.5509607314769683e-002,
       -2.0728144866741082e-003, 5.1926689921924789e-004,
       -9.6448668530749260e-001 ]
