%YAML:1.0
cameraMatrixL: !!opencv-matrix
   rows: 3
   cols: 3
   dt: d
   data: [ 8.1011465078739548e+002, 0., 2.7553238902022127e+002, 0.,
       8.0711682415845246e+002, 2.2410283722841280e+002, 0., 0., 1. ]
cameraDistcoeffL: !!opencv-matrix
   rows: 5
   cols: 1
   dt: d
   data: [ -3.7596532433051950e-002, 7.7711133615258510e-001,
       -5.0763197613502313e-003, -1.6730432534134095e-002,
       -3.7473596864493648e+000 ]
cameraMatrixR: !!opencv-matrix
   rows: 3
   cols: 3
   dt: d
   data: [ 8.0112694307998265e+002, 0., 2.7850568571844832e+002, 0.,
       8.0174964662333343e+002, 2.1601265620545593e+002, 0., 0., 1. ]
cameraDistcoeffR: !!opencv-matrix
   rows: 5
   cols: 1
   dt: d
   data: [ 9.0948830229897693e-002, -1.1717539693256620e+000,
       -2.7392160433837636e-003, -1.1202142416271524e-002,
       5.5217423665585068e+000 ]
