%YAML:1.0
cameraMatrixL: !!opencv-matrix
   rows: 3
   cols: 3
   dt: d
   data: [ 8.1664379807855448e+002, 0., 3.1624042523833396e+002, 0.,
       8.1668088957715918e+002, 2.3965461496007799e+002, 0., 0., 1. ]
cameraDistcoeffL: !!opencv-matrix
   rows: 5
   cols: 1
   dt: d
   data: [ 1.7491025473577587e-002, 1.5996000111354261e-001,
       -1.5620787985465847e-003, 7.9073626132511563e-004,
       -2.3177790573391590e+000 ]
cameraMatrixR: !!opencv-matrix
   rows: 3
   cols: 3
   dt: d
   data: [ 8.1269534362162221e+002, 0., 3.1607086032556077e+002, 0.,
       8.1293866933161883e+002, 2.3079070010483093e+002, 0., 0., 1. ]
cameraDistcoeffR: !!opencv-matrix
   rows: 5
   cols: 1
   dt: d
   data: [ 1.7644261396742092e-002, 4.4086562179763095e-001,
       1.4454490321551404e-003, 7.6686342710115705e-003,
       -2.8117064987484395e+000 ]
